Step,episode_reward
7,7.0
15,8.0
18,3.0
23,5.0
34,11.0
37,3.0
40,3.0
44,4.0
49,5.0
52,3.0
58,6.0
61,3.0
73,12.0
76,3.0
82,6.0
85,3.0
91,6.0
94,3.0
98,4.0
118,20.0
123,5.0
129,6.0
132,3.0
136,4.0
144,8.0
148,4.0
152,4.0
163,11.0
167,4.0
170,3.0
174,4.0
181,7.0
192,11.0
196,4.0
200,4.0
203,3.0
206,3.0
211,5.0
215,4.0
218,3.0
223,5.0
228,5.0
234,6.0
238,4.0
248,10.0
251,3.0
256,5.0
264,8.0
271,7.0
274,3.0
278,4.0
289,11.0
295,6.0
299,4.0
305,6.0
309,4.0
314,5.0
317,3.0
324,7.0
327,3.0
330,3.0
333,3.0
345,12.0
352,7.0
355,3.0
361,6.0
367,6.0
372,5.0
375,3.0
379,4.0
382,3.0
386,4.0
397,11.0
401,4.0
410,9.0
413,3.0
418,5.0
421,3.0
424,3.0
431,7.0
437,6.0
447,10.0
450,3.0
454,4.0
459,5.0
463,4.0
472,9.0
477,5.0
487,10.0
495,8.0
501,6.0
504,3.0
508,4.0
516,8.0
519,3.0
523,4.0
526,3.0
532,6.0
536,4.0
544,8.0
547,3.0
552,5.0
560,8.0
567,7.0
571,4.0
576,5.0
580,4.0
602,22.0
605,3.0
610,5.0
613,3.0
621,8.0
624,3.0
637,13.0
645,8.0
648,3.0
655,7.0
659,4.0
662,3.0
665,3.0
668,3.0
671,3.0
675,4.0
683,8.0
704,21.0
712,8.0
716,4.0
719,3.0
723,4.0
726,3.0
731,5.0
738,7.0
741,3.0
747,6.0
751,4.0
755,4.0
759,4.0
764,5.0
768,4.0
772,4.0
778,6.0
782,4.0
787,5.0
791,4.0
794,3.0
803,9.0
812,9.0
818,6.0
830,12.0
838,8.0
842,4.0
845,3.0
853,8.0
859,6.0
864,5.0
867,3.0
878,11.0
885,7.0
889,4.0
895,6.0
898,3.0
905,7.0
916,11.0
925,9.0
935,10.0
939,4.0
944,5.0
954,10.0
959,5.0
963,4.0
971,8.0
975,4.0
980,5.0
983,3.0
992,9.0
995,3.0
998,3.0
1008,10.0
1012,4.0
1016,4.0
1020,4.0
1024,4.0
1028,4.0
1032,4.0
1036,4.0
1040,4.0
1044,4.0
1048,4.0
1052,4.0
1056,4.0
1060,4.0
1064,4.0
1068,4.0
1072,4.0
1076,4.0
1080,4.0
1084,4.0
1088,4.0
1092,4.0
1096,4.0
1100,4.0
1104,4.0
1108,4.0
1112,4.0
1116,4.0
1120,4.0
1124,4.0
1128,4.0
1132,4.0
1136,4.0
1140,4.0
1144,4.0
1148,4.0
1152,4.0
1156,4.0
1160,4.0
1164,4.0
1168,4.0
1172,4.0
1176,4.0
1180,4.0
1184,4.0
1188,4.0
1192,4.0
1196,4.0
1200,4.0
1204,4.0
1208,4.0
1212,4.0
1216,4.0
1220,4.0
1224,4.0
1229,5.0
1233,4.0
1237,4.0
1241,4.0
1245,4.0
1249,4.0
1253,4.0
1257,4.0
1261,4.0
1265,4.0
1269,4.0
1274,5.0
1278,4.0
1282,4.0
1286,4.0
1290,4.0
1294,4.0
1298,4.0
1302,4.0
1306,4.0
1310,4.0
1314,4.0
1318,4.0
1322,4.0
1326,4.0
1330,4.0
1334,4.0
1338,4.0
1342,4.0
1346,4.0
1350,4.0
1354,4.0
1358,4.0
1362,4.0
1366,4.0
1370,4.0
1374,4.0
1378,4.0
1382,4.0
1386,4.0
1390,4.0
1394,4.0
1398,4.0
1402,4.0
1406,4.0
1410,4.0
1414,4.0
1418,4.0
1422,4.0
1426,4.0
1430,4.0
1434,4.0
1438,4.0
1442,4.0
1446,4.0
1450,4.0
1454,4.0
1458,4.0
1462,4.0
1466,4.0
1470,4.0
1474,4.0
1478,4.0
1482,4.0
1486,4.0
1490,4.0
1494,4.0
1498,4.0
1502,4.0
1506,4.0
1510,4.0
1514,4.0
1518,4.0
1522,4.0
1526,4.0
1530,4.0
1534,4.0
1538,4.0
1542,4.0
1546,4.0
1550,4.0
1554,4.0
1558,4.0
1562,4.0
1566,4.0
1570,4.0
1574,4.0
1578,4.0
1582,4.0
1586,4.0
1590,4.0
1594,4.0
1598,4.0
1602,4.0
1606,4.0
1610,4.0
1614,4.0
1618,4.0
1622,4.0
1626,4.0
1630,4.0
1634,4.0
1638,4.0
1642,4.0
1646,4.0
1650,4.0
1654,4.0
1658,4.0
1662,4.0
1666,4.0
1670,4.0
1674,4.0
1678,4.0
1682,4.0
1686,4.0
1690,4.0
1694,4.0
1698,4.0
1702,4.0
1706,4.0
1710,4.0
1714,4.0
1718,4.0
1722,4.0
1726,4.0
1730,4.0
1734,4.0
1738,4.0
1742,4.0
1746,4.0
1750,4.0
1754,4.0
1758,4.0
1762,4.0
1766,4.0
1770,4.0
1774,4.0
1778,4.0
1782,4.0
1786,4.0
1790,4.0
1794,4.0
1798,4.0
1802,4.0
1806,4.0
1810,4.0
1814,4.0
1818,4.0
1822,4.0
1826,4.0
1830,4.0
1834,4.0
1838,4.0
1842,4.0
1846,4.0
1850,4.0
1854,4.0
1858,4.0
1862,4.0
1866,4.0
1870,4.0
1874,4.0
1878,4.0
1882,4.0
1886,4.0
1890,4.0
1894,4.0
1898,4.0
1902,4.0
1906,4.0
1910,4.0
1914,4.0
1918,4.0
1922,4.0
1926,4.0
1930,4.0
1934,4.0
1938,4.0
1942,4.0
1946,4.0
1950,4.0
1954,4.0
1958,4.0
1962,4.0
1966,4.0
1970,4.0
1974,4.0
1978,4.0
1982,4.0
1986,4.0
1990,4.0
1994,4.0
1998,4.0
2002,4.0
2006,4.0
2010,4.0
2014,4.0
2018,4.0
2022,4.0
2026,4.0
2030,4.0
2034,4.0
2038,4.0
2042,4.0
2046,4.0
2050,4.0
2054,4.0
2058,4.0
2062,4.0
2066,4.0
2070,4.0
2074,4.0
2078,4.0
2082,4.0
2086,4.0
2090,4.0
2094,4.0
2098,4.0
2102,4.0
2106,4.0
2110,4.0
2114,4.0
2118,4.0
2122,4.0
2126,4.0
2130,4.0
2134,4.0
2138,4.0
2142,4.0
2146,4.0
2150,4.0
2154,4.0
2158,4.0
2162,4.0
2166,4.0
2170,4.0
2174,4.0
2178,4.0
2182,4.0
2186,4.0
2190,4.0
2194,4.0
2198,4.0
2202,4.0
2206,4.0
2210,4.0
2214,4.0
2218,4.0
2222,4.0
2226,4.0
2231,5.0
2235,4.0
2239,4.0
2243,4.0
2247,4.0
2251,4.0
2255,4.0
2259,4.0
2263,4.0
2267,4.0
2271,4.0
2275,4.0
2279,4.0
2283,4.0
2287,4.0
2291,4.0
2295,4.0
2299,4.0
2303,4.0
2307,4.0
2311,4.0
2315,4.0
2319,4.0
2323,4.0
2327,4.0
2331,4.0
2335,4.0
2339,4.0
2343,4.0
2347,4.0
2351,4.0
2355,4.0
2359,4.0
2363,4.0
2367,4.0
2371,4.0
2375,4.0
2379,4.0
2383,4.0
2387,4.0
2391,4.0
2395,4.0
2399,4.0
2403,4.0
2407,4.0
2411,4.0
2415,4.0
2419,4.0
2423,4.0
2427,4.0
2431,4.0
2435,4.0
2439,4.0
2443,4.0
2447,4.0
2451,4.0
2455,4.0
2459,4.0
2463,4.0
2467,4.0
2471,4.0
2475,4.0
2479,4.0
2483,4.0
2487,4.0
2491,4.0
2495,4.0
2499,4.0
2503,4.0
2507,4.0
2511,4.0
2515,4.0
2519,4.0
2523,4.0
2527,4.0
2531,4.0
2535,4.0
2539,4.0
2544,5.0
2549,5.0
2554,5.0
2558,4.0
2562,4.0
2566,4.0
2570,4.0
2574,4.0
2578,4.0
2582,4.0
2586,4.0
2590,4.0
2594,4.0
2598,4.0
2627,29.0
2639,12.0
2650,11.0
2662,12.0
2673,11.0
2684,11.0
2697,13.0
2708,11.0
2720,12.0
2746,26.0
2770,24.0
2817,47.0
2860,43.0
2899,39.0
2928,29.0
2957,29.0
2985,28.0
3014,29.0
3044,30.0
3073,29.0
3102,29.0
3136,34.0
3170,34.0
3203,33.0
3235,32.0
3279,44.0
3320,41.0
3356,36.0
3397,41.0
3443,46.0
3486,43.0
3529,43.0
3567,38.0
3608,41.0
3651,43.0
3695,44.0
3736,41.0
3778,42.0
3820,42.0
3862,42.0
3904,42.0
3947,43.0
3992,45.0
4038,46.0
4085,47.0
4128,43.0
4174,46.0
4222,48.0
4273,51.0
4322,49.0
4369,47.0
4413,44.0
4455,42.0
4496,41.0
4538,42.0
4581,43.0
4625,44.0
4667,42.0
4713,46.0
4762,49.0
4808,46.0
4853,45.0
4898,45.0
4947,49.0
4995,48.0
5040,45.0
5090,50.0
5140,50.0
5189,49.0
5243,54.0
5297,54.0
5343,46.0
5393,50.0
5446,53.0
5494,48.0
5543,49.0
5594,51.0
5649,55.0
5706,57.0
5758,52.0
5816,58.0
5877,61.0
5933,56.0
5981,48.0
6036,55.0
6091,55.0
6141,50.0
6190,49.0
6242,52.0
6296,54.0
6351,55.0
6413,62.0
6466,53.0
6521,55.0
6572,51.0
6622,50.0
6677,55.0
6728,51.0
6781,53.0
6830,49.0
6878,48.0
6931,53.0
6989,58.0
7042,53.0
7093,51.0
7144,51.0
7194,50.0
7245,51.0
7296,51.0
7346,50.0
7394,48.0
7442,48.0
7490,48.0
7540,50.0
7591,51.0
7641,50.0
7696,55.0
7744,48.0
7791,47.0
7843,52.0
7892,49.0
7947,55.0
8001,54.0
8050,49.0
8101,51.0
8155,54.0
8210,55.0
8263,53.0
8313,50.0
8369,56.0
8421,52.0
8469,48.0
8518,49.0
8571,53.0
8623,52.0
8675,52.0
8727,52.0
8776,49.0
8825,49.0
8873,48.0
8920,47.0
8969,49.0
9031,62.0
9089,58.0
9145,56.0
9202,57.0
9262,60.0
9316,54.0
9365,49.0
9412,47.0
9466,54.0
9516,50.0
9569,53.0
9619,50.0
9675,56.0
9728,53.0
9782,54.0
9846,64.0
9916,70.0
9974,58.0
10035,61.0
10097,62.0
10156,59.0
10256,100.0
10318,62.0
10377,59.0
10474,97.0
10545,71.0
10623,78.0
10695,72.0
10754,59.0
10826,72.0
10893,67.0
10965,72.0
11029,64.0
11092,63.0
11188,96.0
11257,69.0
11319,62.0
11389,70.0
11456,67.0
11515,59.0
11589,74.0
11650,61.0
11726,76.0
11793,67.0
11854,61.0
11915,61.0
11984,69.0
12043,59.0
12106,63.0
12183,77.0
12271,88.0
12317,46.0
12366,49.0
12413,47.0
12471,58.0
12539,68.0
12606,67.0
12666,60.0
12719,53.0
12762,43.0
12815,53.0
12872,57.0
12926,54.0
12994,68.0
13049,55.0
13104,55.0
13162,58.0
13214,52.0
13270,56.0
13320,50.0
13368,48.0
13421,53.0
13483,62.0
13545,62.0
13596,51.0
13644,48.0
13694,50.0
13750,56.0
13807,57.0
13870,63.0
13918,48.0
13972,54.0
14028,56.0
14084,56.0
14136,52.0
14191,55.0
14244,53.0
14299,55.0
14350,51.0
14403,53.0
14451,48.0
14502,51.0
14555,53.0
14612,57.0
14665,53.0
14717,52.0
14768,51.0
14822,54.0
14873,51.0
14925,52.0
14978,53.0
15031,53.0
15081,50.0
15135,54.0
15193,58.0
15248,55.0
15302,54.0
15356,54.0
15404,48.0
15453,49.0
15502,49.0
15551,49.0
15603,52.0
15653,50.0
15705,52.0
15756,51.0
15808,52.0
15859,51.0
15911,52.0
15963,52.0
16015,52.0
16069,54.0
16118,49.0
16168,50.0
16215,47.0
16264,49.0
16318,54.0
16371,53.0
16427,56.0
16480,53.0
16533,53.0
16587,54.0
16643,56.0
16697,54.0
16755,58.0
16811,56.0
16867,56.0
16924,57.0
16983,59.0
17041,58.0
17099,58.0
17156,57.0
17219,63.0
17290,71.0
17359,69.0
17425,66.0
17490,65.0
17552,62.0
17613,61.0
17672,59.0
17736,64.0
17804,68.0
17872,68.0
17948,76.0
18013,65.0
18080,67.0
18142,62.0
18213,71.0
18292,79.0
18368,76.0
18444,76.0
18526,82.0
18600,74.0
18672,72.0
18755,83.0
18834,79.0
18911,77.0
18987,76.0
19068,81.0
19157,89.0
19237,80.0
19317,80.0
19403,86.0
19472,69.0
19535,63.0
19620,85.0
19701,81.0
19792,91.0
19873,81.0
19955,82.0
20026,71.0
20115,89.0
20192,77.0
20261,69.0
20345,84.0
20429,84.0
20534,105.0
20627,93.0
20728,101.0
20815,87.0
20906,91.0
21000,94.0
21102,102.0
21194,92.0
21301,107.0
21455,154.0
21585,130.0
21680,95.0
21788,108.0
21923,135.0
22009,86.0
22126,117.0
22225,99.0
22329,104.0
22439,110.0
22550,111.0
22682,132.0
22800,118.0
22917,117.0
23034,117.0
23152,118.0
23249,97.0
23372,123.0
23508,136.0
23635,127.0
23817,182.0
23973,156.0
24278,305.0
24427,149.0
24612,185.0
24805,193.0
25006,201.0
25175,169.0
25601,426.0
25899,298.0
26899,1000.0
27055,156.0
28055,1000.0
29055,1000.0
30055,1000.0
31055,1000.0
32055,1000.0
33055,1000.0
34055,1000.0
35055,1000.0
36055,1000.0
37055,1000.0
38055,1000.0
39055,1000.0
40055,1000.0
41055,1000.0
42055,1000.0
43055,1000.0
44055,1000.0
45055,1000.0
46055,1000.0
47055,1000.0
48055,1000.0
49055,1000.0
50055,1000.0
51055,1000.0
52055,1000.0
53055,1000.0
54055,1000.0
55055,1000.0
56055,1000.0
57055,1000.0
58055,1000.0
59055,1000.0
60055,1000.0
61055,1000.0
62055,1000.0
63055,1000.0
64055,1000.0
64867,812.0
65082,215.0
66082,1000.0
67082,1000.0
68082,1000.0
69082,1000.0
70082,1000.0
71082,1000.0
72082,1000.0
73082,1000.0
74082,1000.0
75082,1000.0
76082,1000.0
77082,1000.0
78082,1000.0
79082,1000.0
80082,1000.0
81082,1000.0
82082,1000.0
83082,1000.0
84082,1000.0
85082,1000.0
86082,1000.0
87082,1000.0
88082,1000.0
89082,1000.0
90082,1000.0
90253,171.0
91253,1000.0
91597,344.0
91717,120.0
91836,119.0
91931,95.0
92027,96.0
92151,124.0
92769,618.0
93769,1000.0
94769,1000.0
95769,1000.0
96769,1000.0
97769,1000.0
98769,1000.0
99769,1000.0
100769,1000.0
101769,1000.0
102769,1000.0
103769,1000.0
104769,1000.0
105769,1000.0
106769,1000.0
107769,1000.0
107923,154.0
108125,202.0
108280,155.0
108517,237.0
109517,1000.0
110517,1000.0
111021,504.0
112021,1000.0
113021,1000.0
114021,1000.0
115021,1000.0
116021,1000.0
117021,1000.0
118021,1000.0
119021,1000.0
120021,1000.0
120357,336.0
120476,119.0
121476,1000.0
122476,1000.0
123476,1000.0
124476,1000.0
125476,1000.0
126476,1000.0
127476,1000.0
128476,1000.0
129476,1000.0
130476,1000.0
131476,1000.0
132476,1000.0
133476,1000.0
134476,1000.0
135476,1000.0
136476,1000.0
137476,1000.0
138476,1000.0
139476,1000.0
140476,1000.0
141476,1000.0
142476,1000.0
143476,1000.0
144476,1000.0
145338,862.0
146338,1000.0
147338,1000.0
148338,1000.0
149338,1000.0
150338,1000.0
151338,1000.0
152338,1000.0
153338,1000.0
154338,1000.0
155338,1000.0
156338,1000.0
157338,1000.0
158338,1000.0
159338,1000.0
160338,1000.0
161338,1000.0
162338,1000.0
162815,477.0
163815,1000.0
164815,1000.0
165815,1000.0
166815,1000.0
167815,1000.0
168171,356.0
169171,1000.0
170171,1000.0
171171,1000.0
172171,1000.0
172966,795.0
173966,1000.0
174966,1000.0
175966,1000.0
176966,1000.0
177966,1000.0
178966,1000.0
179966,1000.0
180966,1000.0
181966,1000.0
182966,1000.0
183966,1000.0
184966,1000.0
185966,1000.0
186966,1000.0
187966,1000.0
188966,1000.0
189966,1000.0
190966,1000.0
191966,1000.0
192966,1000.0
193966,1000.0
194966,1000.0
195966,1000.0
196966,1000.0
197966,1000.0
198966,1000.0
199966,1000.0
200966,1000.0
201966,1000.0
202966,1000.0
203966,1000.0
204966,1000.0
205966,1000.0
206163,197.0
206611,448.0
207611,1000.0
208611,1000.0
209611,1000.0
210611,1000.0
211611,1000.0
212611,1000.0
213611,1000.0
214611,1000.0
215611,1000.0
216611,1000.0
217611,1000.0
218065,454.0
218323,258.0
218659,336.0
219323,664.0
220323,1000.0
221323,1000.0
222323,1000.0
223323,1000.0
224323,1000.0
225323,1000.0
226323,1000.0
227323,1000.0
228323,1000.0
229323,1000.0
230323,1000.0
231323,1000.0
232323,1000.0
233323,1000.0
234323,1000.0
235323,1000.0
236323,1000.0
237323,1000.0
238323,1000.0
239323,1000.0
240323,1000.0
241323,1000.0
242323,1000.0
243323,1000.0
244323,1000.0
245323,1000.0
246323,1000.0
247323,1000.0
248323,1000.0
249323,1000.0
250323,1000.0
251323,1000.0
252323,1000.0
253323,1000.0
254323,1000.0
255323,1000.0
256323,1000.0
257323,1000.0
258323,1000.0
258882,559.0
259882,1000.0
260882,1000.0
261882,1000.0
262882,1000.0
263882,1000.0
264882,1000.0
265882,1000.0
266882,1000.0
267882,1000.0
268882,1000.0
269882,1000.0
270882,1000.0
271882,1000.0
272882,1000.0
273882,1000.0
274882,1000.0
275510,628.0
276510,1000.0
277510,1000.0
278510,1000.0
279510,1000.0
280510,1000.0
281510,1000.0
282510,1000.0
283510,1000.0
284510,1000.0
285510,1000.0
286510,1000.0
287510,1000.0
288510,1000.0
289510,1000.0
290510,1000.0
291510,1000.0
292510,1000.0
293510,1000.0
294510,1000.0
295510,1000.0
296510,1000.0
297510,1000.0
298510,1000.0
299510,1000.0
300000,490.0
